{
 "cells": [
  {
   "cell_type": "code",
   "execution_count": 1,
   "metadata": {},
   "outputs": [],
   "source": [
    "import pandas as pd"
   ]
  },
  {
   "cell_type": "code",
   "execution_count": 116,
   "metadata": {},
   "outputs": [],
   "source": [
    "\n",
    "df = pd.read_csv(\"../preprocessed/ETH.csv\", parse_dates=['Date'],\n",
    "                date_format='%Y-%m-%d')\n",
    "\n",
    "#df['Date'] = pd.to_datetime(df['Date'].str.replace(' UTC+0', ''))\n",
    "\n",
    "df = df.set_index('Date').sort_index()"
   ]
  },
  {
   "cell_type": "code",
   "execution_count": 83,
   "metadata": {},
   "outputs": [
    {
     "data": {
      "text/plain": [
       "Price         float64\n",
       "Volume        float64\n",
       "Market_cap    float64\n",
       "Return        float64\n",
       "Log_Return    float64\n",
       "MA_7          float64\n",
       "Vol_7         float64\n",
       "MA_14         float64\n",
       "Vol_14        float64\n",
       "MA_30         float64\n",
       "Vol_30        float64\n",
       "MA_90         float64\n",
       "Vol_90        float64\n",
       "dtype: object"
      ]
     },
     "execution_count": 83,
     "metadata": {},
     "output_type": "execute_result"
    }
   ],
   "source": [
    "df.dtypes"
   ]
  },
  {
   "cell_type": "code",
   "execution_count": 73,
   "metadata": {},
   "outputs": [
    {
     "data": {
      "text/html": [
       "<div>\n",
       "<style scoped>\n",
       "    .dataframe tbody tr th:only-of-type {\n",
       "        vertical-align: middle;\n",
       "    }\n",
       "\n",
       "    .dataframe tbody tr th {\n",
       "        vertical-align: top;\n",
       "    }\n",
       "\n",
       "    .dataframe thead th {\n",
       "        text-align: right;\n",
       "    }\n",
       "</style>\n",
       "<table border=\"1\" class=\"dataframe\">\n",
       "  <thead>\n",
       "    <tr style=\"text-align: right;\">\n",
       "      <th></th>\n",
       "      <th>Price</th>\n",
       "      <th>Return</th>\n",
       "      <th>Log_Return</th>\n",
       "      <th>MA_7</th>\n",
       "      <th>Vol_7</th>\n",
       "      <th>MA_14</th>\n",
       "      <th>Vol_14</th>\n",
       "      <th>MA_30</th>\n",
       "      <th>Vol_30</th>\n",
       "      <th>MA_90</th>\n",
       "      <th>Vol_90</th>\n",
       "    </tr>\n",
       "  </thead>\n",
       "  <tbody>\n",
       "    <tr>\n",
       "      <th>count</th>\n",
       "      <td>5332.000000</td>\n",
       "      <td>5331.000000</td>\n",
       "      <td>5331.000000</td>\n",
       "      <td>5332.000000</td>\n",
       "      <td>5330.000000</td>\n",
       "      <td>5332.000000</td>\n",
       "      <td>5330.000000</td>\n",
       "      <td>5332.000000</td>\n",
       "      <td>5330.000000</td>\n",
       "      <td>5332.000000</td>\n",
       "      <td>5330.000000</td>\n",
       "    </tr>\n",
       "    <tr>\n",
       "      <th>mean</th>\n",
       "      <td>14819.000219</td>\n",
       "      <td>0.003777</td>\n",
       "      <td>0.002613</td>\n",
       "      <td>14764.634087</td>\n",
       "      <td>0.036342</td>\n",
       "      <td>14701.112601</td>\n",
       "      <td>0.038240</td>\n",
       "      <td>14553.863266</td>\n",
       "      <td>0.040024</td>\n",
       "      <td>13995.827228</td>\n",
       "      <td>0.042664</td>\n",
       "    </tr>\n",
       "    <tr>\n",
       "      <th>std</th>\n",
       "      <td>22184.024828</td>\n",
       "      <td>0.048278</td>\n",
       "      <td>0.048307</td>\n",
       "      <td>22085.096251</td>\n",
       "      <td>0.031197</td>\n",
       "      <td>21970.418785</td>\n",
       "      <td>0.028808</td>\n",
       "      <td>21695.543635</td>\n",
       "      <td>0.026474</td>\n",
       "      <td>20568.429770</td>\n",
       "      <td>0.023158</td>\n",
       "    </tr>\n",
       "    <tr>\n",
       "      <th>min</th>\n",
       "      <td>0.050541</td>\n",
       "      <td>-0.485699</td>\n",
       "      <td>-0.664948</td>\n",
       "      <td>0.056811</td>\n",
       "      <td>0.002579</td>\n",
       "      <td>0.059851</td>\n",
       "      <td>0.003966</td>\n",
       "      <td>0.061710</td>\n",
       "      <td>0.007470</td>\n",
       "      <td>0.063506</td>\n",
       "      <td>0.011553</td>\n",
       "    </tr>\n",
       "    <tr>\n",
       "      <th>25%</th>\n",
       "      <td>237.892850</td>\n",
       "      <td>-0.012676</td>\n",
       "      <td>-0.012757</td>\n",
       "      <td>238.132671</td>\n",
       "      <td>0.018346</td>\n",
       "      <td>236.952680</td>\n",
       "      <td>0.020712</td>\n",
       "      <td>236.845933</td>\n",
       "      <td>0.023966</td>\n",
       "      <td>247.825977</td>\n",
       "      <td>0.027125</td>\n",
       "    </tr>\n",
       "    <tr>\n",
       "      <th>50%</th>\n",
       "      <td>3849.344582</td>\n",
       "      <td>0.001589</td>\n",
       "      <td>0.001587</td>\n",
       "      <td>3818.892464</td>\n",
       "      <td>0.027663</td>\n",
       "      <td>3817.434737</td>\n",
       "      <td>0.030527</td>\n",
       "      <td>3749.769452</td>\n",
       "      <td>0.032570</td>\n",
       "      <td>3707.779943</td>\n",
       "      <td>0.035000</td>\n",
       "    </tr>\n",
       "    <tr>\n",
       "      <th>75%</th>\n",
       "      <td>21859.982488</td>\n",
       "      <td>0.018937</td>\n",
       "      <td>0.018760</td>\n",
       "      <td>21991.901754</td>\n",
       "      <td>0.043751</td>\n",
       "      <td>22067.552366</td>\n",
       "      <td>0.045806</td>\n",
       "      <td>21867.837607</td>\n",
       "      <td>0.046820</td>\n",
       "      <td>21272.311913</td>\n",
       "      <td>0.051223</td>\n",
       "    </tr>\n",
       "    <tr>\n",
       "      <th>max</th>\n",
       "      <td>106170.017209</td>\n",
       "      <td>0.547523</td>\n",
       "      <td>0.436655</td>\n",
       "      <td>104093.101588</td>\n",
       "      <td>0.304721</td>\n",
       "      <td>103593.899601</td>\n",
       "      <td>0.242413</td>\n",
       "      <td>100707.515947</td>\n",
       "      <td>0.175960</td>\n",
       "      <td>98450.077802</td>\n",
       "      <td>0.132817</td>\n",
       "    </tr>\n",
       "  </tbody>\n",
       "</table>\n",
       "</div>"
      ],
      "text/plain": [
       "               Price       Return   Log_Return           MA_7        Vol_7  \\\n",
       "count    5332.000000  5331.000000  5331.000000    5332.000000  5330.000000   \n",
       "mean    14819.000219     0.003777     0.002613   14764.634087     0.036342   \n",
       "std     22184.024828     0.048278     0.048307   22085.096251     0.031197   \n",
       "min         0.050541    -0.485699    -0.664948       0.056811     0.002579   \n",
       "25%       237.892850    -0.012676    -0.012757     238.132671     0.018346   \n",
       "50%      3849.344582     0.001589     0.001587    3818.892464     0.027663   \n",
       "75%     21859.982488     0.018937     0.018760   21991.901754     0.043751   \n",
       "max    106170.017209     0.547523     0.436655  104093.101588     0.304721   \n",
       "\n",
       "               MA_14       Vol_14          MA_30       Vol_30         MA_90  \\\n",
       "count    5332.000000  5330.000000    5332.000000  5330.000000   5332.000000   \n",
       "mean    14701.112601     0.038240   14553.863266     0.040024  13995.827228   \n",
       "std     21970.418785     0.028808   21695.543635     0.026474  20568.429770   \n",
       "min         0.059851     0.003966       0.061710     0.007470      0.063506   \n",
       "25%       236.952680     0.020712     236.845933     0.023966    247.825977   \n",
       "50%      3817.434737     0.030527    3749.769452     0.032570   3707.779943   \n",
       "75%     22067.552366     0.045806   21867.837607     0.046820  21272.311913   \n",
       "max    103593.899601     0.242413  100707.515947     0.175960  98450.077802   \n",
       "\n",
       "            Vol_90  \n",
       "count  5330.000000  \n",
       "mean      0.042664  \n",
       "std       0.023158  \n",
       "min       0.011553  \n",
       "25%       0.027125  \n",
       "50%       0.035000  \n",
       "75%       0.051223  \n",
       "max       0.132817  "
      ]
     },
     "execution_count": 73,
     "metadata": {},
     "output_type": "execute_result"
    }
   ],
   "source": [
    "df.describe()\n",
    "#df.set_index(\"Date\", inplace=True)"
   ]
  },
  {
   "cell_type": "code",
   "execution_count": 74,
   "metadata": {},
   "outputs": [
    {
     "data": {
      "text/html": [
       "<div>\n",
       "<style scoped>\n",
       "    .dataframe tbody tr th:only-of-type {\n",
       "        vertical-align: middle;\n",
       "    }\n",
       "\n",
       "    .dataframe tbody tr th {\n",
       "        vertical-align: top;\n",
       "    }\n",
       "\n",
       "    .dataframe thead th {\n",
       "        text-align: right;\n",
       "    }\n",
       "</style>\n",
       "<table border=\"1\" class=\"dataframe\">\n",
       "  <thead>\n",
       "    <tr style=\"text-align: right;\">\n",
       "      <th></th>\n",
       "      <th>Price</th>\n",
       "      <th>Return</th>\n",
       "      <th>Log_Return</th>\n",
       "      <th>MA_7</th>\n",
       "      <th>Vol_7</th>\n",
       "      <th>MA_14</th>\n",
       "      <th>Vol_14</th>\n",
       "      <th>MA_30</th>\n",
       "      <th>Vol_30</th>\n",
       "      <th>MA_90</th>\n",
       "      <th>Vol_90</th>\n",
       "    </tr>\n",
       "  </thead>\n",
       "  <tbody>\n",
       "    <tr>\n",
       "      <th>Price</th>\n",
       "      <td>1.000000</td>\n",
       "      <td>-0.020018</td>\n",
       "      <td>-0.011619</td>\n",
       "      <td>0.998791</td>\n",
       "      <td>-0.145407</td>\n",
       "      <td>0.997235</td>\n",
       "      <td>-0.176737</td>\n",
       "      <td>0.993518</td>\n",
       "      <td>-0.217823</td>\n",
       "      <td>0.976490</td>\n",
       "      <td>-0.297559</td>\n",
       "    </tr>\n",
       "    <tr>\n",
       "      <th>Return</th>\n",
       "      <td>-0.020018</td>\n",
       "      <td>1.000000</td>\n",
       "      <td>0.994259</td>\n",
       "      <td>-0.033271</td>\n",
       "      <td>0.085074</td>\n",
       "      <td>-0.034686</td>\n",
       "      <td>0.080614</td>\n",
       "      <td>-0.035808</td>\n",
       "      <td>0.053797</td>\n",
       "      <td>-0.038586</td>\n",
       "      <td>0.021305</td>\n",
       "    </tr>\n",
       "    <tr>\n",
       "      <th>Log_Return</th>\n",
       "      <td>-0.011619</td>\n",
       "      <td>0.994259</td>\n",
       "      <td>1.000000</td>\n",
       "      <td>-0.024894</td>\n",
       "      <td>0.035559</td>\n",
       "      <td>-0.026329</td>\n",
       "      <td>0.040589</td>\n",
       "      <td>-0.027419</td>\n",
       "      <td>0.020629</td>\n",
       "      <td>-0.029966</td>\n",
       "      <td>-0.003056</td>\n",
       "    </tr>\n",
       "    <tr>\n",
       "      <th>MA_7</th>\n",
       "      <td>0.998791</td>\n",
       "      <td>-0.033271</td>\n",
       "      <td>-0.024894</td>\n",
       "      <td>1.000000</td>\n",
       "      <td>-0.145308</td>\n",
       "      <td>0.999218</td>\n",
       "      <td>-0.177021</td>\n",
       "      <td>0.995951</td>\n",
       "      <td>-0.217959</td>\n",
       "      <td>0.979541</td>\n",
       "      <td>-0.297418</td>\n",
       "    </tr>\n",
       "    <tr>\n",
       "      <th>Vol_7</th>\n",
       "      <td>-0.145407</td>\n",
       "      <td>0.085074</td>\n",
       "      <td>0.035559</td>\n",
       "      <td>-0.145308</td>\n",
       "      <td>1.000000</td>\n",
       "      <td>-0.144504</td>\n",
       "      <td>0.867062</td>\n",
       "      <td>-0.144470</td>\n",
       "      <td>0.721762</td>\n",
       "      <td>-0.149839</td>\n",
       "      <td>0.538963</td>\n",
       "    </tr>\n",
       "    <tr>\n",
       "      <th>MA_14</th>\n",
       "      <td>0.997235</td>\n",
       "      <td>-0.034686</td>\n",
       "      <td>-0.026329</td>\n",
       "      <td>0.999218</td>\n",
       "      <td>-0.144504</td>\n",
       "      <td>1.000000</td>\n",
       "      <td>-0.176797</td>\n",
       "      <td>0.998024</td>\n",
       "      <td>-0.217918</td>\n",
       "      <td>0.982768</td>\n",
       "      <td>-0.297204</td>\n",
       "    </tr>\n",
       "    <tr>\n",
       "      <th>Vol_14</th>\n",
       "      <td>-0.176737</td>\n",
       "      <td>0.080614</td>\n",
       "      <td>0.040589</td>\n",
       "      <td>-0.177021</td>\n",
       "      <td>0.867062</td>\n",
       "      <td>-0.176797</td>\n",
       "      <td>1.000000</td>\n",
       "      <td>-0.176449</td>\n",
       "      <td>0.857664</td>\n",
       "      <td>-0.181656</td>\n",
       "      <td>0.640679</td>\n",
       "    </tr>\n",
       "    <tr>\n",
       "      <th>MA_30</th>\n",
       "      <td>0.993518</td>\n",
       "      <td>-0.035808</td>\n",
       "      <td>-0.027419</td>\n",
       "      <td>0.995951</td>\n",
       "      <td>-0.144470</td>\n",
       "      <td>0.998024</td>\n",
       "      <td>-0.176449</td>\n",
       "      <td>1.000000</td>\n",
       "      <td>-0.217987</td>\n",
       "      <td>0.989141</td>\n",
       "      <td>-0.296886</td>\n",
       "    </tr>\n",
       "    <tr>\n",
       "      <th>Vol_30</th>\n",
       "      <td>-0.217823</td>\n",
       "      <td>0.053797</td>\n",
       "      <td>0.020629</td>\n",
       "      <td>-0.217959</td>\n",
       "      <td>0.721762</td>\n",
       "      <td>-0.217918</td>\n",
       "      <td>0.857664</td>\n",
       "      <td>-0.217987</td>\n",
       "      <td>1.000000</td>\n",
       "      <td>-0.222490</td>\n",
       "      <td>0.776362</td>\n",
       "    </tr>\n",
       "    <tr>\n",
       "      <th>MA_90</th>\n",
       "      <td>0.976490</td>\n",
       "      <td>-0.038586</td>\n",
       "      <td>-0.029966</td>\n",
       "      <td>0.979541</td>\n",
       "      <td>-0.149839</td>\n",
       "      <td>0.982768</td>\n",
       "      <td>-0.181656</td>\n",
       "      <td>0.989141</td>\n",
       "      <td>-0.222490</td>\n",
       "      <td>1.000000</td>\n",
       "      <td>-0.299228</td>\n",
       "    </tr>\n",
       "    <tr>\n",
       "      <th>Vol_90</th>\n",
       "      <td>-0.297559</td>\n",
       "      <td>0.021305</td>\n",
       "      <td>-0.003056</td>\n",
       "      <td>-0.297418</td>\n",
       "      <td>0.538963</td>\n",
       "      <td>-0.297204</td>\n",
       "      <td>0.640679</td>\n",
       "      <td>-0.296886</td>\n",
       "      <td>0.776362</td>\n",
       "      <td>-0.299228</td>\n",
       "      <td>1.000000</td>\n",
       "    </tr>\n",
       "  </tbody>\n",
       "</table>\n",
       "</div>"
      ],
      "text/plain": [
       "               Price    Return  Log_Return      MA_7     Vol_7     MA_14  \\\n",
       "Price       1.000000 -0.020018   -0.011619  0.998791 -0.145407  0.997235   \n",
       "Return     -0.020018  1.000000    0.994259 -0.033271  0.085074 -0.034686   \n",
       "Log_Return -0.011619  0.994259    1.000000 -0.024894  0.035559 -0.026329   \n",
       "MA_7        0.998791 -0.033271   -0.024894  1.000000 -0.145308  0.999218   \n",
       "Vol_7      -0.145407  0.085074    0.035559 -0.145308  1.000000 -0.144504   \n",
       "MA_14       0.997235 -0.034686   -0.026329  0.999218 -0.144504  1.000000   \n",
       "Vol_14     -0.176737  0.080614    0.040589 -0.177021  0.867062 -0.176797   \n",
       "MA_30       0.993518 -0.035808   -0.027419  0.995951 -0.144470  0.998024   \n",
       "Vol_30     -0.217823  0.053797    0.020629 -0.217959  0.721762 -0.217918   \n",
       "MA_90       0.976490 -0.038586   -0.029966  0.979541 -0.149839  0.982768   \n",
       "Vol_90     -0.297559  0.021305   -0.003056 -0.297418  0.538963 -0.297204   \n",
       "\n",
       "              Vol_14     MA_30    Vol_30     MA_90    Vol_90  \n",
       "Price      -0.176737  0.993518 -0.217823  0.976490 -0.297559  \n",
       "Return      0.080614 -0.035808  0.053797 -0.038586  0.021305  \n",
       "Log_Return  0.040589 -0.027419  0.020629 -0.029966 -0.003056  \n",
       "MA_7       -0.177021  0.995951 -0.217959  0.979541 -0.297418  \n",
       "Vol_7       0.867062 -0.144470  0.721762 -0.149839  0.538963  \n",
       "MA_14      -0.176797  0.998024 -0.217918  0.982768 -0.297204  \n",
       "Vol_14      1.000000 -0.176449  0.857664 -0.181656  0.640679  \n",
       "MA_30      -0.176449  1.000000 -0.217987  0.989141 -0.296886  \n",
       "Vol_30      0.857664 -0.217987  1.000000 -0.222490  0.776362  \n",
       "MA_90      -0.181656  0.989141 -0.222490  1.000000 -0.299228  \n",
       "Vol_90      0.640679 -0.296886  0.776362 -0.299228  1.000000  "
      ]
     },
     "execution_count": 74,
     "metadata": {},
     "output_type": "execute_result"
    }
   ],
   "source": [
    "df.corr()"
   ]
  },
  {
   "cell_type": "code",
   "execution_count": 76,
   "metadata": {},
   "outputs": [],
   "source": [
    "#df[['Price','Volume','Market_cap']].agg(['mean','median','std'])\n"
   ]
  },
  {
   "cell_type": "code",
   "execution_count": 77,
   "metadata": {},
   "outputs": [
    {
     "data": {
      "text/html": [
       "<div>\n",
       "<style scoped>\n",
       "    .dataframe tbody tr th:only-of-type {\n",
       "        vertical-align: middle;\n",
       "    }\n",
       "\n",
       "    .dataframe tbody tr th {\n",
       "        vertical-align: top;\n",
       "    }\n",
       "\n",
       "    .dataframe thead th {\n",
       "        text-align: right;\n",
       "    }\n",
       "</style>\n",
       "<table border=\"1\" class=\"dataframe\">\n",
       "  <thead>\n",
       "    <tr style=\"text-align: right;\">\n",
       "      <th></th>\n",
       "      <th>Price</th>\n",
       "      <th>Return</th>\n",
       "      <th>Log_Return</th>\n",
       "      <th>MA_7</th>\n",
       "      <th>Vol_7</th>\n",
       "      <th>MA_14</th>\n",
       "      <th>Vol_14</th>\n",
       "      <th>MA_30</th>\n",
       "      <th>Vol_30</th>\n",
       "      <th>MA_90</th>\n",
       "      <th>Vol_90</th>\n",
       "    </tr>\n",
       "  </thead>\n",
       "  <tbody>\n",
       "    <tr>\n",
       "      <th>Price</th>\n",
       "      <td>1.000000</td>\n",
       "      <td>-0.020018</td>\n",
       "      <td>-0.011619</td>\n",
       "      <td>0.998791</td>\n",
       "      <td>-0.145407</td>\n",
       "      <td>0.997235</td>\n",
       "      <td>-0.176737</td>\n",
       "      <td>0.993518</td>\n",
       "      <td>-0.217823</td>\n",
       "      <td>0.976490</td>\n",
       "      <td>-0.297559</td>\n",
       "    </tr>\n",
       "    <tr>\n",
       "      <th>Return</th>\n",
       "      <td>-0.020018</td>\n",
       "      <td>1.000000</td>\n",
       "      <td>0.994259</td>\n",
       "      <td>-0.033271</td>\n",
       "      <td>0.085074</td>\n",
       "      <td>-0.034686</td>\n",
       "      <td>0.080614</td>\n",
       "      <td>-0.035808</td>\n",
       "      <td>0.053797</td>\n",
       "      <td>-0.038586</td>\n",
       "      <td>0.021305</td>\n",
       "    </tr>\n",
       "    <tr>\n",
       "      <th>Log_Return</th>\n",
       "      <td>-0.011619</td>\n",
       "      <td>0.994259</td>\n",
       "      <td>1.000000</td>\n",
       "      <td>-0.024894</td>\n",
       "      <td>0.035559</td>\n",
       "      <td>-0.026329</td>\n",
       "      <td>0.040589</td>\n",
       "      <td>-0.027419</td>\n",
       "      <td>0.020629</td>\n",
       "      <td>-0.029966</td>\n",
       "      <td>-0.003056</td>\n",
       "    </tr>\n",
       "    <tr>\n",
       "      <th>MA_7</th>\n",
       "      <td>0.998791</td>\n",
       "      <td>-0.033271</td>\n",
       "      <td>-0.024894</td>\n",
       "      <td>1.000000</td>\n",
       "      <td>-0.145308</td>\n",
       "      <td>0.999218</td>\n",
       "      <td>-0.177021</td>\n",
       "      <td>0.995951</td>\n",
       "      <td>-0.217959</td>\n",
       "      <td>0.979541</td>\n",
       "      <td>-0.297418</td>\n",
       "    </tr>\n",
       "    <tr>\n",
       "      <th>Vol_7</th>\n",
       "      <td>-0.145407</td>\n",
       "      <td>0.085074</td>\n",
       "      <td>0.035559</td>\n",
       "      <td>-0.145308</td>\n",
       "      <td>1.000000</td>\n",
       "      <td>-0.144504</td>\n",
       "      <td>0.867062</td>\n",
       "      <td>-0.144470</td>\n",
       "      <td>0.721762</td>\n",
       "      <td>-0.149839</td>\n",
       "      <td>0.538963</td>\n",
       "    </tr>\n",
       "    <tr>\n",
       "      <th>MA_14</th>\n",
       "      <td>0.997235</td>\n",
       "      <td>-0.034686</td>\n",
       "      <td>-0.026329</td>\n",
       "      <td>0.999218</td>\n",
       "      <td>-0.144504</td>\n",
       "      <td>1.000000</td>\n",
       "      <td>-0.176797</td>\n",
       "      <td>0.998024</td>\n",
       "      <td>-0.217918</td>\n",
       "      <td>0.982768</td>\n",
       "      <td>-0.297204</td>\n",
       "    </tr>\n",
       "    <tr>\n",
       "      <th>Vol_14</th>\n",
       "      <td>-0.176737</td>\n",
       "      <td>0.080614</td>\n",
       "      <td>0.040589</td>\n",
       "      <td>-0.177021</td>\n",
       "      <td>0.867062</td>\n",
       "      <td>-0.176797</td>\n",
       "      <td>1.000000</td>\n",
       "      <td>-0.176449</td>\n",
       "      <td>0.857664</td>\n",
       "      <td>-0.181656</td>\n",
       "      <td>0.640679</td>\n",
       "    </tr>\n",
       "    <tr>\n",
       "      <th>MA_30</th>\n",
       "      <td>0.993518</td>\n",
       "      <td>-0.035808</td>\n",
       "      <td>-0.027419</td>\n",
       "      <td>0.995951</td>\n",
       "      <td>-0.144470</td>\n",
       "      <td>0.998024</td>\n",
       "      <td>-0.176449</td>\n",
       "      <td>1.000000</td>\n",
       "      <td>-0.217987</td>\n",
       "      <td>0.989141</td>\n",
       "      <td>-0.296886</td>\n",
       "    </tr>\n",
       "    <tr>\n",
       "      <th>Vol_30</th>\n",
       "      <td>-0.217823</td>\n",
       "      <td>0.053797</td>\n",
       "      <td>0.020629</td>\n",
       "      <td>-0.217959</td>\n",
       "      <td>0.721762</td>\n",
       "      <td>-0.217918</td>\n",
       "      <td>0.857664</td>\n",
       "      <td>-0.217987</td>\n",
       "      <td>1.000000</td>\n",
       "      <td>-0.222490</td>\n",
       "      <td>0.776362</td>\n",
       "    </tr>\n",
       "    <tr>\n",
       "      <th>MA_90</th>\n",
       "      <td>0.976490</td>\n",
       "      <td>-0.038586</td>\n",
       "      <td>-0.029966</td>\n",
       "      <td>0.979541</td>\n",
       "      <td>-0.149839</td>\n",
       "      <td>0.982768</td>\n",
       "      <td>-0.181656</td>\n",
       "      <td>0.989141</td>\n",
       "      <td>-0.222490</td>\n",
       "      <td>1.000000</td>\n",
       "      <td>-0.299228</td>\n",
       "    </tr>\n",
       "    <tr>\n",
       "      <th>Vol_90</th>\n",
       "      <td>-0.297559</td>\n",
       "      <td>0.021305</td>\n",
       "      <td>-0.003056</td>\n",
       "      <td>-0.297418</td>\n",
       "      <td>0.538963</td>\n",
       "      <td>-0.297204</td>\n",
       "      <td>0.640679</td>\n",
       "      <td>-0.296886</td>\n",
       "      <td>0.776362</td>\n",
       "      <td>-0.299228</td>\n",
       "      <td>1.000000</td>\n",
       "    </tr>\n",
       "  </tbody>\n",
       "</table>\n",
       "</div>"
      ],
      "text/plain": [
       "               Price    Return  Log_Return      MA_7     Vol_7     MA_14  \\\n",
       "Price       1.000000 -0.020018   -0.011619  0.998791 -0.145407  0.997235   \n",
       "Return     -0.020018  1.000000    0.994259 -0.033271  0.085074 -0.034686   \n",
       "Log_Return -0.011619  0.994259    1.000000 -0.024894  0.035559 -0.026329   \n",
       "MA_7        0.998791 -0.033271   -0.024894  1.000000 -0.145308  0.999218   \n",
       "Vol_7      -0.145407  0.085074    0.035559 -0.145308  1.000000 -0.144504   \n",
       "MA_14       0.997235 -0.034686   -0.026329  0.999218 -0.144504  1.000000   \n",
       "Vol_14     -0.176737  0.080614    0.040589 -0.177021  0.867062 -0.176797   \n",
       "MA_30       0.993518 -0.035808   -0.027419  0.995951 -0.144470  0.998024   \n",
       "Vol_30     -0.217823  0.053797    0.020629 -0.217959  0.721762 -0.217918   \n",
       "MA_90       0.976490 -0.038586   -0.029966  0.979541 -0.149839  0.982768   \n",
       "Vol_90     -0.297559  0.021305   -0.003056 -0.297418  0.538963 -0.297204   \n",
       "\n",
       "              Vol_14     MA_30    Vol_30     MA_90    Vol_90  \n",
       "Price      -0.176737  0.993518 -0.217823  0.976490 -0.297559  \n",
       "Return      0.080614 -0.035808  0.053797 -0.038586  0.021305  \n",
       "Log_Return  0.040589 -0.027419  0.020629 -0.029966 -0.003056  \n",
       "MA_7       -0.177021  0.995951 -0.217959  0.979541 -0.297418  \n",
       "Vol_7       0.867062 -0.144470  0.721762 -0.149839  0.538963  \n",
       "MA_14      -0.176797  0.998024 -0.217918  0.982768 -0.297204  \n",
       "Vol_14      1.000000 -0.176449  0.857664 -0.181656  0.640679  \n",
       "MA_30      -0.176449  1.000000 -0.217987  0.989141 -0.296886  \n",
       "Vol_30      0.857664 -0.217987  1.000000 -0.222490  0.776362  \n",
       "MA_90      -0.181656  0.989141 -0.222490  1.000000 -0.299228  \n",
       "Vol_90      0.640679 -0.296886  0.776362 -0.299228  1.000000  "
      ]
     },
     "execution_count": 77,
     "metadata": {},
     "output_type": "execute_result"
    }
   ],
   "source": [
    "corr = df.corr()\n",
    "corr"
   ]
  },
  {
   "cell_type": "code",
   "execution_count": 78,
   "metadata": {},
   "outputs": [
    {
     "data": {
